PETERSEN_MERGE_CERTIFICATE_V1
7 38 1591
0 1 1 0 0
1 1 1 0 1
2 2 2 0 0 0 1
3 2 2 0 0 1 0
4 2 2 0 1 3 1
5 3 4 0 0 1 0 1 1 2 0
6 3 4 0 1 3 0 3 1 6 1
7 4 6 0 0 1 0 1 1 2 0 2 1 3 0
8 4 6 0 1 2 0 3 0 3 1 4 0 6 1
9 4 6 0 1 3 0 3 1 6 0 6 1 9 1
10 5 8 0 0 1 0 1 1 2 0 2 1 3 0 3 1 4 0
11 5 8 0 1 1 0 2 0 2 1 3 0 3 1 4 0 6 1
12 5 8 0 1 2 0 3 0 3 1 4 0 4 1 5 0 6 1
13 5 8 0 1 2 0 3 0 3 1 4 0 6 0 6 1 9 1
14 5 8 0 1 3 0 3 1 5 0 6 0 6 1 7 0 9 1
15 5 8 0 1 3 0 3 1 6 0 6 1 9 0 9 1 12 1
16 6 10 0 1 1 0 2 0 2 1 3 0 3 1 4 0 4 1 5 0 6 1
17 6 10 0 1 1 0 2 0 2 1 3 0 3 1 4 0 6 0 6 1 9 1
18 6 10 0 1 1 1 2 0 3 0 3 1 4 0 4 1 5 0 6 1 7 1
19 6 12 0 1 2 0 3 0 3 1 4 0 4 1 5 0 5 1 6 0 6 1 7 0 9 1
20 6 10 0 1 2 0 3 0 3 1 4 0 6 0 6 1 9 0 9 1 12 1
21 6 10 0 1 3 0 3 1 5 0 6 0 6 1 7 0 7 1 8 0 9 1
22 6 10 0 1 3 0 3 1 5 0 6 0 6 1 7 0 9 0 9 1 12 1
23 6 10 0 1 3 0 3 1 6 0 6 1 8 0 9 0 9 1 10 0 12 1
24 6 10 0 1 3 0 3 1 6 0 6 1 9 0 9 1 12 0 12 1 15 1
25 7 12 0 1 1 0 2 0 2 1 3 0 3 1 4 0 6 0 6 1 9 0 9 1 12 1
26 7 16 0 1 1 1 2 0 3 0 3 1 4 0 4 1 5 0 5 1 6 0 6 1 7 0 7 1 8 0 9 1 10 1
27 7 12 0 1 1 1 2 0 3 0 3 1 4 0 4 1 5 0 6 1 7 0 7 1 10 1
28 7 14 0 1 2 0 3 0 3 1 4 0 4 1 5 0 5 1 6 0 6 1 7 0 9 0 9 1 12 1
29 7 12 0 1 2 0 3 0 3 1 4 0 6 0 6 1 8 0 9 0 9 1 10 0 12 1
30 7 12 0 1 2 0 3 0 3 1 4 0 6 0 6 1 9 0 9 1 12 0 12 1 15 1
31 7 12 0 1 3 0 3 1 4 1 5 0 6 0 6 1 7 0 7 1 8 0 9 1 10 1
32 7 14 0 1 3 0 3 1 5 0 6 0 6 1 7 0 7 1 8 0 8 1 9 0 9 1 10 0 12 1
33 7 12 0 1 3 0 3 1 5 0 6 0 6 1 7 0 9 0 9 1 12 0 12 1 15 1
34 7 12 0 1 3 0 3 1 6 0 6 1 8 0 9 0 9 1 10 0 10 1 11 0 12 1
35 7 12 0 1 3 0 3 1 6 0 6 1 8 0 9 0 9 1 10 0 12 0 12 1 15 1
36 7 12 0 1 3 0 3 1 6 0 6 1 9 0 9 1 11 0 12 0 12 1 13 0 15 1
37 7 12 0 1 3 0 3 1 6 0 6 1 9 0 9 1 12 0 12 1 15 0 15 1 18 1
0 0 -1 3 -1
0 0 0 0 0
0 0 1 3 0
0 1 0 2 0
0 2 -1 5 -2
0 2 0 2 0
0 2 1 5 0
0 3 -2 5 -2
0 3 -1 3 -1
0 3 0 3 0
0 3 1 5 0
0 4 -3 6 -3
0 4 0 6 -3
0 5 -3 7 -3
0 5 -2 5 -2
0 5 -1 5 -1
0 5 0 5 0
0 5 1 7 0
0 6 -6 9 -6
0 6 -4 8 -4
0 6 -3 6 -3
0 6 -2 8 -2
0 6 0 9 -3
0 7 -4 10 -4
0 7 -3 7 -3
0 7 -2 7 -2
0 7 -1 7 -1
0 7 0 7 0
0 7 1 10 0
0 8 -6 13 -6
0 8 -5 12 -5
0 8 -4 8 -4
0 8 -3 8 -3
0 8 -2 8 -2
0 8 -1 11 -1
0 8 0 14 -3
0 9 -9 15 -9
0 9 -7 14 -7
0 9 -6 9 -6
0 9 -5 14 -5
0 9 -4 13 -4
0 9 -3 9 -3
0 9 -2 13 -2
0 9 0 15 -3
0 10 -5 19 -7
0 10 -4 10 -4
0 10 -3 10 -3
0 10 -2 10 -2
0 10 -1 10 -1
0 10 0 10 0
0 10 1 19 -2
0 11 -6 17 -6
0 11 -5 16 -5
0 11 -4 11 -4
0 11 -3 11 -3
0 11 -2 11 -2
0 11 -1 11 -1
0 11 0 19 -3
0 12 -6 19 -6
0 12 -5 12 -5
0 12 -4 12 -4
0 12 -3 12 -3
0 12 -2 12 -2
0 12 -1 16 -1
0 12 0 21 -3
0 13 -9 20 -9
0 13 -7 19 -7
0 13 -6 13 -6
0 13 -5 19 -5
0 13 -4 13 -4
0 13 -3 13 -3
0 13 -2 13 -2
0 13 -1 17 -1
0 13 0 22 -3
0 14 -9 22 -9
0 14 -8 21 -8
0 14 -7 14 -7
0 14 -6 14 -6
0 14 -5 14 -5
0 14 -4 19 -4
0 14 -3 14 -3
0 14 -2 19 -2
0 14 0 23 -3
0 15 -12 24 -12
0 15 -10 23 -10
0 15 -9 15 -9
0 15 -8 23 -8
0 15 -7 22 -7
0 15 -6 15 -6
0 15 -5 22 -5
0 15 -4 20 -4
0 15 -3 15 -3
0 15 -2 20 -2
0 15 0 24 -3
0 16 -6 26 -7
0 16 -5 16 -5
0 16 -4 16 -4
0 16 -3 16 -3
0 16 -2 16 -2
0 16 -1 16 -1
0 16 0 26 -3
0 17 -9 25 -9
0 17 -7 26 -8
0 17 -6 17 -6
0 17 -5 26 -6
0 17 -4 17 -4
0 17 -3 17 -3
0 17 -2 17 -2
0 17 -1 17 -1
0 17 0 28 -3
0 18 -7 27 -7
0 18 -6 26 -6
0 18 -5 18 -5
0 18 -4 18 -4
0 18 -3 18 -3
0 18 -2 18 -2
0 18 -1 26 -4
0 18 0 31 -3
0 19 -9 28 -9
0 19 -8 26 -8
0 19 -7 19 -7
0 19 -6 19 -6
0 19 -5 19 -5
0 19 -4 19 -4
0 19 -3 19 -3
0 19 -2 19 -2
0 19 -1 26 -2
0 19 0 32 -3
0 20 -12 30 -12
0 20 -10 29 -10
0 20 -9 20 -9
0 20 -8 29 -8
0 20 -7 28 -7
0 20 -6 20 -6
0 20 -5 28 -5
0 20 -4 20 -4
0 20 -3 20 -3
0 20 -2 20 -2
0 20 -1 25 -1
0 20 0 33 -3
0 21 -9 32 -9
0 21 -8 21 -8
0 21 -7 21 -7
0 21 -6 21 -6
0 21 -5 21 -5
0 21 -4 26 -4
0 21 -3 21 -3
0 21 -2 26 -2
0 21 0 34 -3
0 22 -12 33 -12
0 22 -10 32 -10
0 22 -9 22 -9
0 22 -8 32 -8
0 22 -7 22 -7
0 22 -6 22 -6
0 22 -5 22 -5
0 22 -4 28 -4
0 22 -3 22 -3
0 22 -2 28 -2
0 22 0 35 -3
0 23 -12 35 -12
0 23 -11 34 -11
0 23 -10 23 -10
0 23 -9 23 -9
0 23 -8 23 -8
0 23 -7 32 -7
0 23 -6 23 -6
0 23 -5 32 -5
0 23 -4 29 -4
0 23 -3 23 -3
0 23 -2 29 -2
0 23 0 36 -3
0 24 -15 37 -15
0 24 -13 36 -13
0 24 -12 24 -12
0 24 -11 36 -11
0 24 -10 35 -10
0 24 -9 24 -9
0 24 -8 35 -8
0 24 -7 33 -7
0 24 -6 24 -6
0 24 -5 33 -5
0 24 -4 30 -4
0 24 -3 24 -3
0 24 -2 30 -2
0 24 0 37 -3
1 0 0 2 0
1 1 -3 4 -3
1 1 0 1 0
1 1 3 4 0
1 2 -3 6 -6
1 2 0 2 0
1 2 3 6 0
1 3 -1 5 -1
1 3 0 5 -1
1 4 -6 6 -6
1 4 -3 4 -3
1 4 0 4 0
1 4 3 6 0
1 5 -4 8 -6
1 5 -2 7 -2
1 5 -1 5 -1
1 5 0 7 -1
1 5 2 8 0
1 6 -9 9 -9
1 6 -6 6 -6
1 6 -3 6 -3
1 6 0 6 0
1 6 3 9 0
1 7 -5 11 -6
1 7 -4 12 -6
1 7 -3 10 -3
1 7 -2 7 -2
1 7 -1 7 -1
1 7 0 10 -1
1 7 1 11 0
1 7 2 12 0
1 8 -9 13 -9
1 8 -6 8 -6
1 8 -4 12 -4
1 8 -3 8 -3
1 8 -2 11 -2
1 8 0 8 0
1 8 3 14 0
1 9 -12 15 -12
1 9 -9 9 -9
1 9 -6 9 -6
1 9 -3 9 -3
1 9 0 9 0
1 9 3 15 0
1 10 -6 19 -9
1 10 -5 16 -6
1 10 -4 19 -6
1 10 -3 10 -3
1 10 -2 10 -2
1 10 -1 10 -1
1 10 0 19 -3
1 10 1 16 0
1 10 2 19 0
1 11 -9 17 -9
1 11 -6 11 -6
1 11 -5 18 -6
1 11 -4 16 -4
1 11 -3 11 -3
1 11 -2 11 -2
1 11 -1 19 -4
1 11 0 11 0
1 11 1 18 0
1 11 3 19 0
1 12 -9 19 -9
1 12 -7 18 -7
1 12 -6 12 -6
1 12 -5 19 -5
1 12 -4 12 -4
1 12 -3 12 -3
1 12 -2 16 -2
1 12 -1 18 -1
1 12 0 12 0
1 12 3 21 0
1 13 -12 20 -12
1 13 -9 13 -9
1 13 -6 13 -6
1 13 -4 19 -4
1 13 -3 13 -3
1 13 -2 17 -2
1 13 0 13 0
1 13 3 22 0
1 14 -12 22 -12
1 14 -9 14 -9
1 14 -7 21 -7
1 14 -6 14 -6
1 14 -5 19 -5
1 14 -3 14 -3
1 14 0 14 0
1 14 3 23 0
1 15 -15 24 -15
1 15 -12 15 -12
1 15 -9 15 -9
1 15 -6 15 -6
1 15 -3 15 -3
1 15 0 15 0
1 15 3 24 0
1 16 -9 26 -10
1 16 -7 26 -10
1 16 -6 16 -6
1 16 -5 26 -6
1 16 -4 16 -4
1 16 -3 16 -3
1 16 -2 16 -2
1 16 -1 26 -4
1 16 0 16 0
1 16 1 26 0
1 16 3 26 0
1 17 -12 25 -12
1 17 -9 17 -9
1 17 -6 17 -6
1 17 -5 27 -6
1 17 -4 26 -5
1 17 -3 17 -3
1 17 -2 17 -2
1 17 -1 28 -4
1 17 0 17 0
1 17 1 27 0
1 17 3 28 0
1 18 -10 27 -10
1 18 -9 26 -9
1 18 -7 18 -7
1 18 -6 18 -6
1 18 -5 26 -5
1 18 -4 18 -4
1 18 -3 18 -3
1 18 -2 26 -5
1 18 -1 18 -1
1 18 0 18 0
1 18 2 26 -1
1 18 3 31 0
1 19 -12 28 -12
1 19 -9 19 -9
1 19 -8 26 -9
1 19 -7 26 -7
1 19 -6 19 -6
1 19 -5 19 -5
1 19 -4 19 -4
1 19 -3 19 -3
1 19 -2 26 -3
1 19 -1 26 -1
1 19 0 19 0
1 19 3 32 0
1 20 -15 30 -15
1 20 -12 20 -12
1 20 -9 20 -9
1 20 -6 20 -6
1 20 -4 28 -4
1 20 -3 20 -3
1 20 -2 25 -2
1 20 0 20 0
1 20 3 33 0
1 21 -12 32 -12
1 21 -10 31 -10
1 21 -9 21 -9
1 21 -8 32 -8
1 21 -7 21 -7
1 21 -6 21 -6
1 21 -5 26 -5
1 21 -4 31 -4
1 21 -3 21 -3
1 21 0 21 0
1 21 3 34 0
1 22 -15 33 -15
1 22 -12 22 -12
1 22 -9 22 -9
1 22 -7 32 -7
1 22 -6 22 -6
1 22 -5 28 -5
1 22 -3 22 -3
1 22 0 22 0
1 22 3 35 0
1 23 -15 35 -15
1 23 -12 23 -12
1 23 -10 34 -10
1 23 -9 23 -9
1 23 -8 32 -8
1 23 -6 23 -6
1 23 -3 23 -3
1 23 0 23 0
1 23 3 36 0
1 24 -18 37 -18
1 24 -15 24 -15
1 24 -12 24 -12
1 24 -9 24 -9
1 24 -6 24 -6
1 24 -3 24 -3
1 24 0 24 0
1 24 3 37 0
2 0 -1 5 -1
2 0 0 2 0
2 0 1 5 -1
2 1 -3 6 -3
2 1 0 2 0
2 1 3 6 -3
2 2 -3 9 -6
2 2 -1 7 -2
2 2 0 2 0
2 2 1 7 -1
2 2 3 9 -3
2 3 -2 7 -2
2 3 -1 5 -1
2 3 0 5 -1
2 3 1 7 -1
2 4 -6 9 -6
2 4 -3 6 -3
2 4 0 6 -3
2 4 3 9 -3
2 5 -4 13 -6
2 5 -3 10 -3
2 5 -2 7 -2
2 5 -1 5 -1
2 5 0 7 -1
2 5 1 10 -1
2 5 2 14 -3
2 6 -9 15 -9
2 6 -6 9 -6
2 6 -4 12 -4
2 6 -3 6 -3
2 6 -2 11 -2
2 6 0 9 -3
2 6 3 15 -3
2 7 -5 17 -6
2 7 -4 19 -6
2 7 -3 10 -3
2 7 -2 7 -2
2 7 -1 7 -1
2 7 0 10 -1
2 7 1 19 -3
2 7 2 21 -3
2 8 -9 20 -9
2 8 -6 13 -6
2 8 -5 19 -5
2 8 -4 12 -4
2 8 -3 8 -3
2 8 -2 11 -2
2 8 -1 19 -4
2 8 0 14 -3
2 8 3 23 -3
2 9 -12 24 -12
2 9 -9 15 -9
2 9 -7 21 -7
2 9 -6 9 -6
2 9 -5 19 -5
2 9 -4 19 -4
2 9 -3 9 -3
2 9 -2 17 -2
2 9 0 15 -3
2 9 3 24 -3
2 10 -6 28 -9
2 10 -5 26 -7
2 10 -4 19 -6
2 10 -3 10 -3
2 10 -2 10 -2
2 10 -1 10 -1
2 10 0 19 -3
2 10 1 26 -3
2 10 2 32 -3
2 11 -9 25 -9
2 11 -6 17 -6
2 11 -5 26 -6
2 11 -4 16 -4
2 11 -3 11 -3
2 11 -2 11 -2
2 11 -1 19 -4
2 11 0 19 -3
2 11 1 31 -3
2 11 3 32 -3
2 12 -9 28 -9
2 12 -7 27 -7
2 12 -6 19 -6
2 12 -5 19 -5
2 12 -4 12 -4
2 12 -3 12 -3
2 12 -2 16 -2
2 12 -1 26 -4
2 12 0 21 -3
2 12 3 34 -3
2 13 -12 30 -12
2 13 -9 20 -9
2 13 -7 26 -7
2 13 -6 13 -6
2 13 -5 19 -5
2 13 -4 19 -4
2 13 -3 13 -3
2 13 -2 17 -2
2 13 -1 28 -4
2 13 0 22 -3
2 13 3 35 -3
2 14 -12 33 -12
2 14 -9 22 -9
2 14 -8 32 -8
2 14 -7 21 -7
2 14 -6 14 -6
2 14 -5 19 -5
2 14 -4 19 -4
2 14 -3 14 -3
2 14 -2 26 -3
2 14 0 23 -3
2 14 3 36 -3
2 15 -15 37 -15
2 15 -12 24 -12
2 15 -10 34 -10
2 15 -9 15 -9
2 15 -8 32 -8
2 15 -7 32 -7
2 15 -6 15 -6
2 15 -5 28 -5
2 15 -4 28 -4
2 15 -3 15 -3
2 15 -2 25 -2
2 15 0 24 -3
2 15 3 37 -3
3 0 -1 5 -1
3 0 0 3 0
3 0 1 3 0
3 0 2 5 0
3 1 0 5 -1
3 1 1 5 0
3 2 -1 7 -2
3 2 0 5 -1
3 2 1 5 0
3 2 2 7 0
3 3 -2 7 -2
3 3 -1 5 -1
3 3 0 3 0
3 3 1 5 0
3 3 2 7 0
3 4 -3 8 -3
3 4 -2 8 -2
3 4 0 8 -3
3 4 1 8 -2
3 5 -3 10 -3
3 5 -2 7 -2
3 5 -1 5 -1
3 5 0 5 0
3 5 1 7 0
3 5 2 10 0
3 6 -6 14 -6
3 6 -5 14 -5
3 6 -4 12 -4
3 6 -3 8 -3
3 6 -2 8 -2
3 6 -1 11 -1
3 6 0 13 -3
3 6 1 13 -2
3 7 -4 19 -6
3 7 -3 10 -3
3 7 -2 7 -2
3 7 -1 7 -1
3 7 0 7 0
3 7 1 10 0
3 7 2 19 -2
3 8 -6 19 -6
3 8 -5 19 -5
3 8 -4 12 -4
3 8 -3 8 -3
3 8 -2 8 -2
3 8 -1 11 -1
3 8 0 19 -3
3 8 1 19 -2
3 9 -9 23 -9
3 9 -8 23 -8
3 9 -7 21 -7
3 9 -6 14 -6
3 9 -5 14 -5
3 9 -4 19 -4
3 9 -3 13 -3
3 9 -2 13 -2
3 9 -1 17 -1
3 9 0 20 -3
3 9 1 20 -2
3 10 -5 26 -7
3 10 -4 19 -6
3 10 -3 10 -3
3 10 -2 10 -2
3 10 -1 10 -1
3 10 0 10 0
3 10 1 19 -2
3 10 2 26 -2
3 11 -6 26 -7
3 11 -5 26 -6
3 11 -4 16 -4
3 11 -3 11 -3
3 11 -2 11 -2
3 11 -1 11 -1
3 11 0 19 -3
3 11 1 19 -2
3 12 -6 19 -6
3 12 -5 19 -5
3 12 -4 12 -4
3 12 -3 12 -3
3 12 -2 12 -2
3 12 -1 16 -1
3 12 0 26 -3
3 12 1 26 -2
3 13 -9 29 -9
3 13 -8 29 -8
3 13 -7 26 -7
3 13 -6 19 -6
3 13 -5 19 -5
3 13 -4 19 -4
3 13 -3 13 -3
3 13 -2 13 -2
3 13 -1 17 -1
3 13 0 28 -3
3 13 1 28 -2
3 14 -9 32 -9
3 14 -8 32 -8
3 14 -7 21 -7
3 14 -6 14 -6
3 14 -5 14 -5
3 14 -4 19 -4
3 14 -3 19 -3
3 14 -2 19 -2
3 14 -1 26 -2
3 14 0 29 -3
3 14 1 29 -2
3 15 -12 36 -12
3 15 -11 36 -11
3 15 -10 34 -10
3 15 -9 23 -9
3 15 -8 23 -8
3 15 -7 32 -7
3 15 -6 22 -6
3 15 -5 22 -5
3 15 -4 28 -4
3 15 -3 20 -3
3 15 -2 20 -2
3 15 -1 25 -1
3 15 0 30 -3
3 15 1 30 -2
4 0 0 6 -3
4 0 3 6 0
4 1 -3 6 -3
4 1 0 4 0
4 1 3 4 0
4 1 6 6 0
4 2 -3 9 -6
4 2 0 6 -3
4 2 3 6 0
4 2 6 9 0
4 3 -1 8 -3
4 3 0 8 -3
4 3 2 8 0
4 3 3 8 0
4 4 -6 9 -6
4 4 -3 6 -3
4 4 0 4 0
4 4 3 6 0
4 4 6 9 0
4 5 -4 13 -6
4 5 -2 11 -3
4 5 -1 8 -3
4 5 0 12 -3
4 5 1 11 0
4 5 2 8 0
4 5 3 12 0
4 5 5 14 0
4 6 -9 15 -9
4 6 -6 9 -6
4 6 -3 6 -3
4 6 0 6 0
4 6 3 9 0
4 6 6 15 0
4 7 -5 17 -6
4 7 -4 19 -6
4 7 -3 19 -6
4 7 -2 11 -3
4 7 -1 12 -3
4 7 0 19 -3
4 7 1 11 0
4 7 2 12 0
4 7 3 19 0
4 7 4 19 0
4 7 5 21 0
4 8 -9 20 -9
4 8 -6 13 -6
4 8 -4 18 -4
4 8 -3 8 -3
4 8 -2 18 -3
4 8 -1 18 -1
4 8 0 8 0
4 8 1 18 0
4 8 3 14 0
4 8 6 23 0
4 9 -12 24 -12
4 9 -9 15 -9
4 9 -6 9 -6
4 9 -3 9 -3
4 9 0 9 0
4 9 3 15 0
4 9 6 24 0
4 10 -6 28 -9
4 10 -5 26 -7
4 10 -4 19 -6
4 10 -3 19 -6
4 10 -2 16 -3
4 10 -1 19 -3
4 10 0 19 -3
4 10 1 16 0
4 10 2 19 0
4 10 3 19 0
4 10 4 26 0
4 10 5 32 0
4 11 -9 25 -9
4 11 -6 17 -6
4 11 -5 26 -6
4 11 -4 26 -7
4 11 -3 11 -3
4 11 -2 18 -3
4 11 -1 26 -4
4 11 0 11 0
4 11 1 18 0
4 11 2 26 -1
4 11 3 19 0
4 11 4 31 0
4 11 6 32 0
4 12 -9 28 -9
4 12 -7 27 -7
4 12 -6 19 -6
4 12 -5 26 -6
4 12 -4 18 -4
4 12 -3 12 -3
4 12 -2 26 -3
4 12 -1 18 -1
4 12 0 12 0
4 12 1 26 0
4 12 2 26 -1
4 12 3 21 0
4 12 6 34 0
4 13 -12 30 -12
4 13 -9 20 -9
4 13 -6 13 -6
4 13 -4 26 -4
4 13 -3 13 -3
4 13 -2 27 -3
4 13 -1 26 -1
4 13 0 13 0
4 13 1 27 0
4 13 3 22 0
4 13 6 35 0
4 14 -12 33 -12
4 14 -9 22 -9
4 14 -7 31 -7
4 14 -6 14 -6
4 14 -5 26 -6
4 14 -4 31 -4
4 14 -3 14 -3
4 14 -2 26 -3
4 14 0 14 0
4 14 3 23 0
4 14 6 36 0
4 15 -15 37 -15
4 15 -12 24 -12
4 15 -9 15 -9
4 15 -6 15 -6
4 15 -3 15 -3
4 15 0 15 0
4 15 3 24 0
4 15 6 37 0
5 0 -1 7 -1
5 0 0 5 0
5 0 1 5 0
5 0 2 5 0
5 0 3 7 0
5 1 -2 8 -2
5 1 0 7 -1
5 1 1 5 0
5 1 2 7 0
5 1 4 8 -2
5 2 -2 14 -5
5 2 -1 10 -2
5 2 0 7 -1
5 2 1 5 0
5 2 2 7 0
5 2 3 10 0
5 2 4 13 -2
5 3 -2 10 -2
5 3 -1 7 -1
5 3 0 5 0
5 3 1 5 0
5 3 2 7 0
5 3 3 10 0
5 4 -5 14 -5
5 4 -3 12 -3
5 4 -2 8 -2
5 4 -1 11 -1
5 4 0 12 -3
5 4 1 8 -2
5 4 2 11 -1
5 4 4 13 -2
5 5 -3 19 -5
5 5 -2 10 -2
5 5 -1 7 -1
5 5 0 5 0
5 5 1 7 0
5 5 2 10 0
5 5 3 19 -2
5 6 -8 23 -8
5 6 -6 21 -6
5 6 -5 14 -5
5 6 -4 19 -4
5 6 -3 12 -3
5 6 -2 8 -2
5 6 -1 11 -1
5 6 0 19 -3
5 6 1 13 -2
5 6 2 17 -1
5 6 4 20 -2
5 7 -4 26 -6
5 7 -3 19 -5
5 7 -2 10 -2
5 7 -1 7 -1
5 7 0 7 0
5 7 1 10 0
5 7 2 19 -2
5 7 3 26 -2
5 8 -8 29 -8
5 8 -6 26 -6
5 8 -5 19 -5
5 8 -4 19 -4
5 8 -3 12 -3
5 8 -2 8 -2
5 8 -1 11 -1
5 8 0 19 -3
5 8 1 19 -2
5 8 2 26 -2
5 8 4 29 -2
5 9 -11 36 -11
5 9 -9 34 -9
5 9 -8 23 -8
5 9 -7 32 -7
5 9 -6 21 -6
5 9 -5 14 -5
5 9 -4 19 -4
5 9 -3 19 -3
5 9 -2 13 -2
5 9 -1 17 -1
5 9 0 28 -3
5 9 1 20 -2
5 9 2 25 -1
5 9 4 30 -2
6 0 0 9 -3
6 0 2 8 0
6 0 3 6 0
6 0 4 8 0
6 0 6 9 0
6 1 -3 9 -3
6 1 0 6 0
6 1 3 6 0
6 1 6 6 0
6 1 9 9 0
6 2 -3 15 -6
6 2 0 9 -3
6 2 2 11 0
6 2 3 6 0
6 2 4 12 0
6 2 6 9 0
6 2 9 15 0
6 3 -1 13 -3
6 3 0 13 -3
6 3 1 11 0
6 3 2 8 0
6 3 3 8 0
6 3 4 12 0
6 3 5 14 0
6 3 6 14 0
6 4 -6 15 -6
6 4 -3 9 -3
6 4 0 6 0
6 4 3 6 0
6 4 6 9 0
6 4 9 15 0
6 5 -4 20 -6
6 5 -2 17 -3
6 5 -1 13 -3
6 5 0 19 -3
6 5 1 11 0
6 5 2 8 0
6 5 3 12 0
6 5 4 19 0
6 5 5 14 0
6 5 6 21 0
6 5 8 23 0
6 6 -9 24 -9
6 6 -6 15 -6
6 6 -3 9 -3
6 6 -1 18 -1
6 6 0 6 0
6 6 1 18 0
6 6 3 9 0
6 6 6 15 0
6 6 9 24 0
6 7 -5 25 -6
6 7 -4 28 -6
6 7 -3 28 -6
6 7 -2 17 -3
6 7 -1 19 -3
6 7 0 19 -3
6 7 1 11 0
6 7 2 12 0
6 7 3 19 0
6 7 4 19 0
6 7 5 21 0
6 7 6 32 0
6 7 7 32 0
6 7 8 34 0
6 8 -9 30 -9
6 8 -6 20 -6
6 8 -4 27 -4
6 8 -3 13 -3
6 8 -2 26 -3
6 8 -1 18 -1
6 8 0 8 0
6 8 1 18 0
6 8 2 26 -1
6 8 3 14 0
6 8 4 31 0
6 8 6 23 0
6 8 9 36 0
6 9 -12 37 -12
6 9 -9 24 -9
6 9 -6 15 -6
6 9 -4 31 -4
6 9 -3 9 -3
6 9 -2 26 -3
6 9 -1 26 -1
6 9 0 9 0
6 9 1 27 0
6 9 3 15 0
6 9 6 24 0
6 9 9 37 0
7 0 -1 10 -1
7 0 0 7 0
7 0 1 7 0
7 0 2 7 0
7 0 3 7 0
7 0 4 10 0
7 1 -2 12 -2
7 1 -1 11 -1
7 1 0 10 -1
7 1 1 7 0
7 1 2 7 0
7 1 3 10 0
7 1 4 12 -2
7 1 5 11 -1
7 2 -2 21 -5
7 2 -1 19 -4
7 2 0 10 -1
7 2 1 7 0
7 2 2 7 0
7 2 3 10 0
7 2 4 19 -2
7 2 5 17 -1
7 3 -2 19 -4
7 3 -1 10 -1
7 3 0 7 0
7 3 1 7 0
7 3 2 7 0
7 3 3 10 0
7 3 4 19 -2
7 4 -5 21 -5
7 4 -4 19 -4
7 4 -3 19 -3
7 4 -2 12 -2
7 4 -1 11 -1
7 4 0 19 -3
7 4 1 12 -2
7 4 2 11 -1
7 4 3 19 -3
7 4 4 19 -2
7 4 5 17 -1
7 5 -3 26 -5
7 5 -2 19 -4
7 5 -1 10 -1
7 5 0 7 0
7 5 1 7 0
7 5 2 10 0
7 5 3 19 -2
7 5 4 26 -2
7 6 -8 34 -8
7 6 -7 32 -7
7 6 -6 32 -6
7 6 -5 21 -5
7 6 -4 19 -4
7 6 -3 19 -3
7 6 -2 12 -2
7 6 -1 11 -1
7 6 0 19 -3
7 6 1 19 -2
7 6 2 17 -1
7 6 3 28 -3
7 6 4 28 -2
7 6 5 25 -1
8 0 0 14 -3
8 0 1 11 0
8 0 2 8 0
8 0 3 8 0
8 0 4 8 0
8 0 5 12 0
8 0 6 13 0
8 1 -3 14 -3
8 1 0 8 0
8 1 2 11 0
8 1 3 8 0
8 1 4 12 0
8 1 6 8 0
8 1 9 13 0
8 2 -3 23 -6
8 2 0 14 -3
8 2 1 19 -3
8 2 2 11 0
8 2 3 8 0
8 2 4 12 0
8 2 5 19 0
8 2 6 13 0
8 2 9 20 0
8 3 -1 19 -3
8 3 0 19 -3
8 3 1 11 0
8 3 2 8 0
8 3 3 8 0
8 3 4 12 0
8 3 5 19 0
8 3 6 19 0
8 4 -6 23 -6
8 4 -3 14 -3
8 4 -1 18 -1
8 4 0 8 0
8 4 1 18 0
8 4 2 18 -1
8 4 3 8 0
8 4 4 18 0
8 4 6 13 0
8 4 9 20 0
8 5 -4 29 -6
8 5 -2 26 -4
8 5 -1 19 -3
8 5 0 19 -3
8 5 1 11 0
8 5 2 8 0
8 5 3 12 0
8 5 4 19 0
8 5 5 19 0
8 5 6 26 0
8 5 8 29 0
8 6 -9 36 -9
8 6 -6 23 -6
8 6 -4 31 -4
8 6 -3 14 -3
8 6 -2 26 -3
8 6 -1 18 -1
8 6 0 8 0
8 6 1 18 0
8 6 2 26 -1
8 6 3 13 0
8 6 4 27 0
8 6 6 20 0
8 6 9 30 0
9 0 0 15 -3
9 0 2 13 0
9 0 3 9 0
9 0 4 13 0
9 0 5 14 0
9 0 6 9 0
9 0 7 14 0
9 0 9 15 0
9 1 -3 15 -3
9 1 0 9 0
9 1 3 9 0
9 1 6 9 0
9 1 9 9 0
9 1 12 15 0
9 2 -3 24 -6
9 2 0 15 -3
9 2 2 17 0
9 2 3 9 0
9 2 4 19 0
9 2 5 19 0
9 2 6 9 0
9 2 7 21 0
9 2 9 15 0
9 2 12 24 0
9 3 -1 20 -3
9 3 0 20 -3
9 3 1 17 0
9 3 2 13 0
9 3 3 13 0
9 3 4 19 0
9 3 5 14 0
9 3 6 14 0
9 3 7 21 0
9 3 8 23 0
9 3 9 23 0
9 4 -6 24 -6
9 4 -3 15 -3
9 4 0 9 0
9 4 3 9 0
9 4 6 9 0
9 4 9 15 0
9 4 12 24 0
9 5 -4 30 -6
9 5 -2 25 -3
9 5 -1 20 -3
9 5 0 28 -3
9 5 1 17 0
9 5 2 13 0
9 5 3 19 0
9 5 4 19 0
9 5 5 14 0
9 5 6 21 0
9 5 7 32 0
9 5 8 23 0
9 5 9 34 0
9 5 11 36 0
9 6 -9 37 -9
9 6 -6 24 -6
9 6 -3 15 -3
9 6 -1 27 -1
9 6 0 9 0
9 6 1 26 0
9 6 2 26 -1
9 6 3 9 0
9 6 4 31 0
9 6 6 15 0
9 6 9 24 0
9 6 12 37 0
10 0 -1 19 -3
10 0 0 10 0
10 0 1 10 0
10 0 2 10 0
10 0 3 10 0
10 0 4 10 0
10 0 5 19 -2
10 1 -2 19 -2
10 1 -1 16 -1
10 1 0 19 -3
10 1 1 10 0
10 1 2 10 0
10 1 3 10 0
10 1 4 19 -2
10 1 5 16 -1
10 1 6 19 -3
10 2 -2 32 -5
10 2 -1 26 -4
10 2 0 19 -3
10 2 1 10 0
10 2 2 10 0
10 2 3 10 0
10 2 4 19 -2
10 2 5 26 -2
10 2 6 28 -3
10 3 -2 26 -4
10 3 -1 19 -3
10 3 0 10 0
10 3 1 10 0
10 3 2 10 0
10 3 3 10 0
10 3 4 19 -2
10 3 5 26 -2
10 4 -5 32 -5
10 4 -4 26 -4
10 4 -3 19 -3
10 4 -2 19 -2
10 4 -1 16 -1
10 4 0 19 -3
10 4 1 19 -2
10 4 2 16 -1
10 4 3 19 -3
10 4 4 19 -2
10 4 5 26 -2
10 4 6 28 -3
11 0 0 19 -3
11 0 1 11 0
11 0 2 11 0
11 0 3 11 0
11 0 4 11 0
11 0 5 16 0
11 0 6 17 0
11 1 -3 19 -3
11 1 -1 18 -1
11 1 0 11 0
11 1 1 19 -3
11 1 2 11 0
11 1 3 11 0
11 1 4 16 0
11 1 5 18 -1
11 1 6 11 0
11 1 9 17 0
11 2 -3 32 -6
11 2 -1 31 -4
11 2 0 19 -3
11 2 1 19 -3
11 2 2 11 0
11 2 3 11 0
11 2 4 16 0
11 2 5 26 -1
11 2 6 17 0
11 2 9 25 0
11 3 -1 19 -3
11 3 0 19 -3
11 3 1 11 0
11 3 2 11 0
11 3 3 11 0
11 3 4 16 0
11 3 5 26 -1
11 3 6 26 -1
11 4 -6 32 -6
11 4 -4 31 -4
11 4 -3 19 -3
11 4 -2 26 -3
11 4 -1 18 -1
11 4 0 11 0
11 4 1 26 -3
11 4 2 18 -1
11 4 3 11 0
11 4 4 26 -3
11 4 5 26 -1
11 4 6 17 0
11 4 9 25 0
12 0 0 21 -3
12 0 1 16 0
12 0 2 12 0
12 0 3 12 0
12 0 4 12 0
12 0 5 12 0
12 0 6 19 0
12 1 -3 21 -3
12 1 0 12 0
12 1 1 18 0
12 1 2 16 0
12 1 3 12 0
12 1 4 12 0
12 1 5 19 0
12 1 6 12 0
12 1 7 18 0
12 1 9 19 0
12 2 -3 34 -6
12 2 0 21 -3
12 2 1 26 -3
12 2 2 16 0
12 2 3 12 0
12 2 4 12 0
12 2 5 19 0
12 2 6 19 0
12 2 7 27 0
12 2 9 28 0
12 3 -1 26 -3
12 3 0 26 -3
12 3 1 16 0
12 3 2 12 0
12 3 3 12 0
12 3 4 12 0
12 3 5 19 0
12 3 6 19 0
12 4 -6 34 -6
12 4 -3 21 -3
12 4 -2 26 -3
12 4 -1 26 -1
12 4 0 12 0
12 4 1 18 0
12 4 2 26 -1
12 4 3 12 0
12 4 4 18 0
12 4 5 26 -1
12 4 6 19 0
12 4 7 27 0
12 4 9 28 0
13 0 0 22 -3
13 0 1 17 0
13 0 2 13 0
13 0 3 13 0
13 0 4 13 0
13 0 5 19 0
13 0 6 13 0
13 0 7 19 0
13 0 9 20 0
13 1 -3 22 -3
13 1 0 13 0
13 1 2 17 0
13 1 3 13 0
13 1 4 19 0
13 1 6 13 0
13 1 9 13 0
13 1 12 20 0
13 2 -3 35 -6
13 2 0 22 -3
13 2 1 28 -3
13 2 2 17 0
13 2 3 13 0
13 2 4 19 0
13 2 5 19 0
13 2 6 13 0
13 2 7 26 0
13 2 9 20 0
13 2 12 30 0
13 3 -1 28 -3
13 3 0 28 -3
13 3 1 17 0
13 3 2 13 0
13 3 3 13 0
13 3 4 19 0
13 3 5 19 0
13 3 6 19 0
13 3 7 26 0
13 3 8 29 0
13 3 9 29 0
13 4 -6 35 -6
13 4 -3 22 -3
13 4 -1 27 -1
13 4 0 13 0
13 4 1 26 0
13 4 2 27 -1
13 4 3 13 0
13 4 4 26 0
13 4 6 13 0
13 4 9 20 0
13 4 12 30 0
14 0 0 23 -3
14 0 2 19 0
14 0 3 14 0
14 0 4 19 0
14 0 5 14 0
14 0 6 14 0
14 0 7 14 0
14 0 8 21 0
14 0 9 22 0
14 1 -3 23 -3
14 1 0 14 0
14 1 3 14 0
14 1 5 19 0
14 1 6 14 0
14 1 7 21 0
14 1 9 14 0
14 1 12 22 0
14 2 -3 36 -6
14 2 0 23 -3
14 2 2 26 -1
14 2 3 14 0
14 2 4 19 0
14 2 5 19 0
14 2 6 14 0
14 2 7 21 0
14 2 8 32 0
14 2 9 22 0
14 2 12 33 0
14 3 -1 29 -3
14 3 0 29 -3
14 3 1 26 -1
14 3 2 19 0
14 3 3 19 0
14 3 4 19 0
14 3 5 14 0
14 3 6 14 0
14 3 7 21 0
14 3 8 32 0
14 3 9 32 0
14 4 -6 36 -6
14 4 -3 23 -3
14 4 0 14 0
14 4 2 26 -1
14 4 3 14 0
14 4 4 31 0
14 4 5 26 -1
14 4 6 14 0
14 4 7 31 0
14 4 9 22 0
14 4 12 33 0
15 0 0 24 -3
15 0 2 20 0
15 0 3 15 0
15 0 4 20 0
15 0 5 22 0
15 0 6 15 0
15 0 7 22 0
15 0 8 23 0
15 0 9 15 0
15 0 10 23 0
15 0 12 24 0
15 1 -3 24 -3
15 1 0 15 0
15 1 3 15 0
15 1 6 15 0
15 1 9 15 0
15 1 12 15 0
15 1 15 24 0
15 2 -3 37 -6
15 2 0 24 -3
15 2 2 25 0
15 2 3 15 0
15 2 4 28 0
15 2 5 28 0
15 2 6 15 0
15 2 7 32 0
15 2 8 32 0
15 2 9 15 0
15 2 10 34 0
15 2 12 24 0
15 2 15 37 0
15 3 -1 30 -3
15 3 0 30 -3
15 3 1 25 0
15 3 2 20 0
15 3 3 20 0
15 3 4 28 0
15 3 5 22 0
15 3 6 22 0
15 3 7 32 0
15 3 8 23 0
15 3 9 23 0
15 3 10 34 0
15 3 11 36 0
15 3 12 36 0
15 4 -6 37 -6
15 4 -3 24 -3
15 4 0 15 0
15 4 3 15 0
15 4 6 15 0
15 4 9 15 0
15 4 12 24 0
15 4 15 37 0
16 0 0 26 -3
16 0 1 16 0
16 0 2 16 0
16 0 3 16 0
16 0 4 16 0
16 0 5 16 0
16 0 6 26 -1
16 1 -3 26 -3
16 1 -1 26 -1
16 1 0 16 0
16 1 1 26 -3
16 1 2 16 0
16 1 3 16 0
16 1 4 16 0
16 1 5 26 -1
16 1 6 16 0
16 1 7 26 -3
16 1 9 26 -1
17 0 0 28 -3
17 0 1 17 0
17 0 2 17 0
17 0 3 17 0
17 0 4 17 0
17 0 5 26 -1
17 0 6 17 0
17 0 7 26 -1
17 0 9 25 0
17 1 -3 28 -3
17 1 -1 27 -1
17 1 0 17 0
17 1 1 28 -3
17 1 2 17 0
17 1 3 17 0
17 1 4 26 -1
17 1 5 27 -1
17 1 6 17 0
17 1 9 17 0
17 1 12 25 0
18 0 0 31 -3
18 0 1 26 -3
18 0 2 18 0
18 0 3 18 0
18 0 4 18 0
18 0 5 18 0
18 0 6 26 0
18 0 7 27 0
18 1 -3 31 -3
18 1 -2 26 -3
18 1 0 18 0
18 1 1 18 0
18 1 2 26 -3
18 1 3 18 0
18 1 4 18 0
18 1 5 26 0
18 1 6 18 0
18 1 7 18 0
18 1 9 26 0
18 1 10 27 0
19 0 0 32 -3
19 0 1 26 -1
19 0 2 19 0
19 0 3 19 0
19 0 4 19 0
19 0 5 19 0
19 0 6 19 0
19 0 7 19 0
19 0 8 26 0
19 0 9 28 0
19 1 -3 32 -3
19 1 0 19 0
19 1 1 26 0
19 1 2 26 -1
19 1 3 19 0
19 1 4 19 0
19 1 5 19 0
19 1 6 19 0
19 1 7 26 0
19 1 8 26 -1
19 1 9 19 0
19 1 12 28 0
20 0 0 33 -3
20 0 1 25 0
20 0 2 20 0
20 0 3 20 0
20 0 4 20 0
20 0 5 28 0
20 0 6 20 0
20 0 7 28 0
20 0 8 29 0
20 0 9 20 0
20 0 10 29 0
20 0 12 30 0
20 1 -3 33 -3
20 1 0 20 0
20 1 2 25 0
20 1 3 20 0
20 1 4 28 0
20 1 6 20 0
20 1 9 20 0
20 1 12 20 0
20 1 15 30 0
21 0 0 34 -3
21 0 2 26 0
21 0 3 21 0
21 0 4 26 0
21 0 5 21 0
21 0 6 21 0
21 0 7 21 0
21 0 8 21 0
21 0 9 32 0
21 1 -3 34 -3
21 1 0 21 0
21 1 3 21 0
21 1 4 31 0
21 1 5 26 0
21 1 6 21 0
21 1 7 21 0
21 1 8 32 0
21 1 9 21 0
21 1 10 31 0
21 1 12 32 0
22 0 0 35 -3
22 0 2 28 0
22 0 3 22 0
22 0 4 28 0
22 0 5 22 0
22 0 6 22 0
22 0 7 22 0
22 0 8 32 0
22 0 9 22 0
22 0 10 32 0
22 0 12 33 0
22 1 -3 35 -3
22 1 0 22 0
22 1 3 22 0
22 1 5 28 0
22 1 6 22 0
22 1 7 32 0
22 1 9 22 0
22 1 12 22 0
22 1 15 33 0
23 0 0 36 -3
23 0 2 29 0
23 0 3 23 0
23 0 4 29 0
23 0 5 32 0
23 0 6 23 0
23 0 7 32 0
23 0 8 23 0
23 0 9 23 0
23 0 10 23 0
23 0 11 34 0
23 0 12 35 0
23 1 -3 36 -3
23 1 0 23 0
23 1 3 23 0
23 1 6 23 0
23 1 8 32 0
23 1 9 23 0
23 1 10 34 0
23 1 12 23 0
23 1 15 35 0
24 0 0 37 -3
24 0 2 30 0
24 0 3 24 0
24 0 4 30 0
24 0 5 33 0
24 0 6 24 0
24 0 7 33 0
24 0 8 35 0
24 0 9 24 0
24 0 10 35 0
24 0 11 36 0
24 0 12 24 0
24 0 13 36 0
24 0 15 37 0
24 1 -3 37 -3
24 1 0 24 0
24 1 3 24 0
24 1 6 24 0
24 1 9 24 0
24 1 12 24 0
24 1 15 24 0
24 1 18 37 0
